THERMO NASA9
   200.000  1000.000  6000.000 20000.000
H                                                                               
 3        H   1.00    0.00    0.00    0.00    0.00 0      1.00794     217998.828
    200.000  1000.000 7 -2.0 -1.0  0.0  1.0  2.0  3.0  4.0  0.0         6197.428
  0.00000000e+00  0.00000000e+00  2.50000000e+00  0.00000000e+00  0.00000000e+00
  0.00000000e+00  0.00000000e+00  0.00000000e+00  2.54737080e+04 -4.46682853e-01
   1000.000  6000.000 7 -2.0 -1.0  0.0  1.0  2.0  3.0  4.0  0.0         6197.428
  6.07877425e+01 -1.81935442e-01  2.50021182e+00 -1.22651286e-07  3.73287633e-11
 -5.68774456e-15  3.41021020e-19  0.00000000e+00  2.54748640e+04 -4.48191777e-01
   6000.000 20000.000 7 -2.0 -1.0  0.0  1.0  2.0  3.0  4.0  0.0         6197.428
  2.17375769e+08 -1.31203540e+05  3.39917420e+01 -3.81399968e-03  2.43285484e-07
 -7.69427554e-12  9.64410563e-17  0.00000000e+00  1.06763809e+06 -2.74230105e+02
HO2                                                                             
 2        H   1.00O   2.00    0.00    0.00    0.00 0     33.00674      12020.000
    200.000  1000.000 7 -2.0 -1.0  0.0  1.0  2.0  3.0  4.0  0.0        10002.162
 -7.59888254e+04  1.32938392e+03 -4.67738824e+00  2.50830820e-02 -3.00655159e-05
  1.89560006e-08 -4.82856739e-12  0.00000000e+00 -5.87335096e+03  5.19360214e+01
   1000.000  6000.000 7 -2.0 -1.0  0.0  1.0  2.0  3.0  4.0  0.0        10002.162
 -1.81066972e+06  4.96319203e+03 -1.03949899e+00  4.56014853e-03 -1.06185945e-06
  1.14456788e-10 -4.76306416e-15  0.00000000e+00 -3.20081719e+04  4.06685092e+01
H2                                                                              
 3        H   2.00    0.00    0.00    0.00    0.00 0      2.01588          0.000
    200.000  1000.000 7 -2.0 -1.0  0.0  1.0  2.0  3.0  4.0  0.0         8468.102
  4.07832321e+04 -8.00918604e+02  8.21470201e+00 -1.26971446e-02  1.75360508e-05
 -1.20286027e-08  3.36809349e-12  0.00000000e+00  2.68248466e+03 -3.04378884e+01
   1000.000  6000.000 7 -2.0 -1.0  0.0  1.0  2.0  3.0  4.0  0.0         8468.102
  5.60812801e+05 -8.37150474e+02  2.97536453e+00  1.25224912e-03 -3.74071619e-07
  5.93662520e-11 -3.60699410e-15  0.00000000e+00  5.33982441e+03 -2.20277477e+00
   6000.000 20000.000 7 -2.0 -1.0  0.0  1.0  2.0  3.0  4.0  0.0         8468.102
  4.96688412e+08 -3.14754715e+05  7.98412188e+01 -8.41478921e-03  4.75324835e-07
 -1.37187349e-11  1.60546176e-16  0.00000000e+00  2.48843352e+06 -6.69572811e+02
H2O                                                                             
 2        H   2.00O   1.00    0.00    0.00    0.00 0     18.01528    -241826.000
    200.000  1000.000 7 -2.0 -1.0  0.0  1.0  2.0  3.0  4.0  0.0         9904.092
 -3.94796083e+04  5.75573102e+02  9.31782653e-01  7.22271286e-03 -7.34255737e-06
  4.95504349e-09 -1.33693325e-12  0.00000000e+00 -3.30397431e+04  1.72420578e+01
   1000.000  6000.000 7 -2.0 -1.0  0.0  1.0  2.0  3.0  4.0  0.0         9904.092
  1.03497210e+06 -2.41269856e+03  4.64611078e+00  2.29199831e-03 -6.83683048e-07
  9.42646893e-11 -4.82238053e-15  0.00000000e+00 -1.38428651e+04 -7.97814851e+00
H2O2                                                                            
 2        H   2.00O   2.00    0.00    0.00    0.00 0     34.01468    -135880.000
    200.000  1000.000 7 -2.0 -1.0  0.0  1.0  2.0  3.0  4.0  0.0        11158.835
 -9.27953358e+04  1.56474839e+03 -5.97646014e+00  3.27074452e-02 -3.93219326e-05
  2.50925524e-08 -6.46504529e-12  0.00000000e+00 -2.49400473e+04  5.87717418e+01
   1000.000  6000.000 7 -2.0 -1.0  0.0  1.0  2.0  3.0  4.0  0.0        11158.835
  1.48942803e+06 -5.17082178e+03  1.12820497e+01 -8.04239779e-05 -1.81838377e-08
  6.94726559e-12 -4.82783190e-16  0.00000000e+00  1.41825104e+04 -4.65085566e+01
O                                                                               
 3        O   1.00    0.00    0.00    0.00    0.00 0     15.99940     249175.003
    200.000  1000.000 7 -2.0 -1.0  0.0  1.0  2.0  3.0  4.0  0.0         6725.403
 -7.95361130e+03  1.60717779e+02  1.96622644e+00  1.01367031e-03 -1.11041542e-06
  6.51750750e-10 -1.58477925e-13  0.00000000e+00  2.84036244e+04  8.40424182e+00
   1000.000  6000.000 7 -2.0 -1.0  0.0  1.0  2.0  3.0  4.0  0.0         6725.403
  2.61902026e+05 -7.29872203e+02  3.31717727e+00 -4.28133436e-04  1.03610459e-07
 -9.43830433e-12  2.72503830e-16  0.00000000e+00  3.39242806e+04 -6.67958535e-01
   6000.000 20000.000 7 -2.0 -1.0  0.0  1.0  2.0  3.0  4.0  0.0         6725.403
  1.77900426e+08 -1.08232826e+05  2.81077836e+01 -2.97523226e-03  1.85499753e-07
 -5.79623154e-12  7.19172016e-17  0.00000000e+00  8.89094263e+05 -2.18172815e+02
OH                                                                              
 3        O   1.00H   1.00    0.00    0.00    0.00 0     17.00734      37278.206
    200.000  1000.000 7 -2.0 -1.0  0.0  1.0  2.0  3.0  4.0  0.0         8813.106
 -1.99885899e+03  9.30013616e+01  3.05085423e+00  1.52952929e-03 -3.15789100e-06
  3.31544618e-09 -1.13876268e-12  0.00000000e+00  2.99121423e+03  4.67411079e+00
   1000.000  6000.000 7 -2.0 -1.0  0.0  1.0  2.0  3.0  4.0  0.0         8813.106
  1.01739338e+06 -2.50995728e+03  5.11654786e+00  1.30529993e-04 -8.28432226e-08
  2.00647594e-11 -1.55699366e-15  0.00000000e+00  2.01964021e+04 -1.10128234e+01
   6000.000 20000.000 7 -2.0 -1.0  0.0  1.0  2.0  3.0  4.0  0.0         8813.106
  2.84723419e+08 -1.85953261e+05  5.00824090e+01 -5.14237498e-03  2.87553659e-07
 -8.22881796e-12  9.56722902e-17  0.00000000e+00  1.46839391e+06 -4.02355558e+02
O2                                                                              
 3        O   2.00    0.00    0.00    0.00    0.00 0     31.99880          0.000
    200.000  1000.000 7 -2.0 -1.0  0.0  1.0  2.0  3.0  4.0  0.0         8680.104
 -3.42556342e+04  4.84700097e+02  1.11901096e+00  4.29388924e-03 -6.83630052e-07
 -2.02337270e-09  1.03904002e-12  0.00000000e+00 -3.39145487e+03  1.84969947e+01
   1000.000  6000.000 7 -2.0 -1.0  0.0  1.0  2.0  3.0  4.0  0.0         8680.104
 -1.03793902e+06  2.34483028e+03  1.81973204e+00  1.26784758e-03 -2.18806799e-07
  2.05371957e-11 -8.19346705e-16  0.00000000e+00 -1.68901093e+04  1.73871651e+01
   6000.000 20000.000 7 -2.0 -1.0  0.0  1.0  2.0  3.0  4.0  0.0         8680.104
  4.97529430e+08 -2.86610687e+05  6.69035225e+01 -6.16995902e-03  3.01639603e-07
 -7.42141660e-12  7.27817577e-17  0.00000000e+00  2.29355403e+06 -5.53062161e+02
O3                                                                              
 2        O   3.00    0.00    0.00    0.00    0.00 0     47.99820     141800.000
    200.000  1000.000 7 -2.0 -1.0  0.0  1.0  2.0  3.0  4.0  0.0        10366.305
 -1.28231451e+04  5.89821664e+02 -2.54749676e+00  2.69012153e-02 -3.52825834e-05
  2.31229092e-08 -6.04489327e-12  0.00000000e+00  1.34836870e+04  3.85221858e+01
   1000.000  6000.000 7 -2.0 -1.0  0.0  1.0  2.0  3.0  4.0  0.0        10366.305
 -3.86966248e+07  1.02334499e+05 -8.96155160e+01  3.70614497e-02 -4.13763874e-06
 -2.72501859e-10  5.24818811e-14  0.00000000e+00 -6.51791818e+05  7.02910952e+02
H2O(CR)                                                                         
 1        H   2.00O   1.00    0.00    0.00    0.00 1     18.01528    -299108.000
    200.000   273.150 7 -2.0 -1.0  0.0  1.0  2.0  3.0  4.0  0.0            0.000
 -4.02677748e+05  2.74788795e+03  5.73833663e+01 -8.26791524e-01  4.41308798e-03
 -1.05425116e-05  9.69449597e-09  0.00000000e+00 -5.53031499e+04 -1.90257206e+02
H2O(L)                                                                          
 2        H   2.00O   1.00    0.00    0.00    0.00 2     18.01528    -285830.000
    273.150   373.150 7 -2.0 -1.0  0.0  1.0  2.0  3.0  4.0  0.0        13278.000
  1.32637130e+09 -2.44829539e+07  1.87942878e+05 -7.67899505e+02  1.76155681e+00
 -2.15116713e-03  1.09257081e-06  0.00000000e+00  1.10176048e+08 -9.77970097e+05
    373.150   600.000 7 -2.0 -1.0  0.0  1.0  2.0  3.0  4.0  0.0        13278.000
  1.26363100e+09 -1.68038025e+07  9.27823479e+04 -2.72237395e+02  4.47924376e-01
 -3.91939743e-04  1.42574327e-07  0.00000000e+00  8.11317688e+07 -5.13441808e+05
END
